t/s	x/m	y/m
0,00	1,000	1,000
0,02	1,050	1,031
0,04	1,100	1,062
0,06	1,149	1,093
0,08	1,199	1,123
0,10	1,248	1,154
0,12	1,298	1,184
0,14	1,347	1,214
0,16	1,396	1,243
0,18	1,445	1,273
0,20	1,494	1,302
0,22	1,543	1,331
0,24	1,591	1,360
0,26	1,640	1,389
0,28	1,688	1,418
0,30	1,736	1,447
0,32	1,784	1,476
0,34	1,832	1,504
0,36	1,880	1,533
0,38	1,928	1,561
0,40	1,975	1,589
0,42	2,023	1,618
0,44	2,070	1,646
0,46	2,117	1,674
0,48	2,165	1,701
0,50	2,212	1,729
0,52	2,258	1,757
0,54	2,305	1,785
0,56	2,352	1,812
0,58	2,398	1,840
0,60	2,444	1,867
0,62	2,490	1,894
0,64	2,536	1,922
0,66	2,582	1,949
0,68	2,628	1,976
0,70	2,674	2,003
0,72	2,719	2,030
0,74	2,765	2,057
0,76	2,810	2,083
0,78	2,855	2,110
0,80	2,900	2,137
0,82	2,945	2,163
0,84	2,989	2,190
0,86	3,034	2,216
0,88	3,078	2,243
0,90	3,123	2,269
0,92	3,167	2,296
0,94	3,211	2,322
0,96	3,255	2,348
0,98	3,298	2,374
1,00	3,342	2,400
1,02	3,385	2,426
1,04	3,429	2,452
1,06	3,472	2,478
1,08	3,515	2,504
1,10	3,558	2,529
1,12	3,601	2,555
1,14	3,643	2,581
1,16	3,686	2,606
1,18	3,728	2,632
1,20	3,770	2,657
1,22	3,812	2,682
1,24	3,854	2,708
1,26	3,896	2,733
1,28	3,937	2,758
1,30	3,979	2,784
1,32	4,020	2,809
1,34	4,061	2,834
1,36	4,102	2,859
1,38	4,143	2,884
1,40	4,184	2,909
1,42	4,225	2,934
1,44	4,265	2,958
1,46	4,305	2,983
1,48	4,346	3,008
1,50	4,386	3,033
1,52	4,425	3,057
1,54	4,465	3,082
1,56	4,505	3,106
1,58	4,544	3,131
1,60	4,583	3,155
1,62	4,622	3,180
1,64	4,661	3,204
1,66	4,700	3,228
1,68	4,739	3,252
1,70	4,777	3,277
1,72	4,816	3,301
1,74	4,854	3,325
1,76	4,892	3,349
1,78	4,930	3,373
1,80	4,967	3,397
1,82	5,005	3,421
1,84	5,042	3,445
1,86	5,080	3,469
1,88	5,117	3,492
1,90	5,154	3,516
1,92	5,190	3,540
1,94	5,227	3,564
1,96	5,264	3,587
1,98	5,300	3,611
2,00	5,336	3,634
2,02	5,372	3,658
2,04	5,408	3,681
2,06	5,444	3,705
2,08	5,479	3,728
2,10	5,514	3,751
2,12	5,550	3,775
2,14	5,585	3,798
2,16	5,620	3,821
2,18	5,654	3,844
2,20	5,689	3,867
2,22	5,723	3,890
2,24	5,757	3,913
2,26	5,792	3,936
2,28	5,825	3,959
2,30	5,859	3,982
2,32	5,893	4,005
2,34	5,926	4,028
2,36	5,959	4,051
2,38	5,992	4,074
2,40	6,025	4,096
2,42	6,058	4,119
2,44	6,091	4,142
2,46	6,123	4,164
2,48	6,155	4,187
2,50	6,188	4,209
2,52	6,219	4,232
2,54	6,251	4,254
2,56	6,283	4,277
2,58	6,314	4,299
2,60	6,345	4,322
2,62	6,376	4,344
2,64	6,407	4,366
2,66	6,438	4,388
2,68	6,469	4,411
2,70	6,499	4,433
2,72	6,529	4,455
2,74	6,559	4,477
2,76	6,589	4,499
2,78	6,619	4,521
2,80	6,648	4,543
2,82	6,678	4,565
2,84	6,707	4,587
2,86	6,736	4,609
2,88	6,765	4,630
2,90	6,793	4,652
2,92	6,822	4,674
2,94	6,850	4,696
2,96	6,878	4,717
2,98	6,906	4,739
3,00	6,934	4,761
3,02	6,962	4,782
3,04	6,989	4,804
3,06	7,016	4,825
3,08	7,043	4,847
3,10	7,070	4,868
3,12	7,097	4,890
3,14	7,123	4,911
3,16	7,150	4,933
3,18	7,176	4,954
3,20	7,202	4,975
3,22	7,228	4,996
3,24	7,253	5,018
3,26	7,279	5,039
3,28	7,304	5,060
3,30	7,329	5,081
3,32	7,354	5,102
3,34	7,379	5,123
3,36	7,403	5,144
3,38	7,427	5,165
3,40	7,452	5,186
3,42	7,476	5,207
3,44	7,499	5,228
3,46	7,523	5,249
3,48	7,546	5,270
3,50	7,570	5,290
3,52	7,593	5,311
3,54	7,615	5,332
3,56	7,638	5,353
3,58	7,660	5,373
3,60	7,683	5,394
3,62	7,705	5,414
3,64	7,727	5,435
3,66	7,748	5,456
3,68	7,770	5,476
3,70	7,791	5,497
3,72	7,812	5,517
3,74	7,833	5,537
3,76	7,854	5,558
3,78	7,875	5,578
3,80	7,895	5,598
3,82	7,915	5,619
3,84	7,935	5,639
3,86	7,955	5,659
3,88	7,975	5,679
3,90	7,994	5,700
3,92	8,013	5,720
3,94	8,032	5,740
3,96	8,051	5,760
3,98	8,070	5,780
4,00	8,088	5,800
4,02	8,106	5,820
4,04	8,124	5,840
4,06	8,142	5,860
4,08	8,160	5,880
4,10	8,177	5,900
4,12	8,194	5,919
4,14	8,211	5,939
4,16	8,228	5,959
4,18	8,245	5,979
4,20	8,261	5,999
4,22	8,278	6,018
4,24	8,294	6,038
4,26	8,309	6,057
4,28	8,325	6,077
4,30	8,340	6,097
4,32	8,356	6,116
4,34	8,371	6,136
4,36	8,386	6,155
4,38	8,400	6,175
4,40	8,415	6,194
4,42	8,429	6,213
4,44	8,443	6,233
4,46	8,457	6,252
4,48	8,470	6,272
4,50	8,484	6,291
4,52	8,497	6,310
4,54	8,510	6,329
4,56	8,522	6,349
4,58	8,535	6,368
4,60	8,547	6,387
4,62	8,559	6,406
4,64	8,571	6,425
4,66	8,583	6,444
4,68	8,595	6,463
4,70	8,606	6,482
4,72	8,617	6,501
4,74	8,628	6,520
4,76	8,639	6,539
4,78	8,649	6,558
4,80	8,659	6,577
4,82	8,669	6,596
4,84	8,679	6,614
4,86	8,689	6,633
4,88	8,698	6,652
4,90	8,707	6,671
4,92	8,716	6,689
4,94	8,725	6,708
4,96	8,734	6,727
4,98	8,742	6,745
5,00	8,750	6,764
5,02	8,758	6,783
5,04	8,766	6,801
5,06	8,773	6,820
5,08	8,780	6,838
5,10	8,787	6,857
5,12	8,794	6,875
5,14	8,801	6,893
5,16	8,807	6,912
5,18	8,813	6,930
5,20	8,819	6,948
5,22	8,825	6,967
5,24	8,830	6,985
5,26	8,836	7,003
5,28	8,841	7,021
5,30	8,845	7,040
5,32	8,850	7,058
5,34	8,854	7,076
5,36	8,859	7,094
5,38	8,863	7,112
5,40	8,866	7,130
5,42	8,870	7,148
5,44	8,873	7,166
5,46	8,876	7,184
5,48	8,879	7,202
5,50	8,882	7,220
5,52	8,884	7,238
5,54	8,886	7,256
5,56	8,888	7,274
5,58	8,890	7,292
5,60	8,891	7,310
5,62	8,892	7,327
5,64	8,893	7,345
5,66	8,894	7,363
5,68	8,895	7,381
5,70	8,895	7,398
5,72	8,895	7,416
5,74	8,895	7,434
5,76	8,895	7,451
5,78	8,894	7,469
5,80	8,893	7,486
5,82	8,892	7,504
5,84	8,891	7,521
5,86	8,889	7,539
5,88	8,887	7,556
5,90	8,885	7,574
5,92	8,883	7,591
5,94	8,881	7,609
5,96	8,878	7,626
5,98	8,875	7,643
6,00	8,872	7,661
6,02	8,869	7,678
6,04	8,865	7,695
6,06	8,861	7,712
6,08	8,857	7,730
6,10	8,853	7,747
6,12	8,848	7,764
6,14	8,843	7,781
6,16	8,838	7,798
6,18	8,833	7,815
6,20	8,827	7,832
6,22	8,822	7,849
6,24	8,816	7,866
6,26	8,809	7,883
6,28	8,803	7,900
6,30	8,796	7,917
6,32	8,789	7,934
6,34	8,782	7,951
6,36	8,774	7,968
6,38	8,767	7,985
6,40	8,759	8,002
6,42	8,751	8,019
6,44	8,742	8,035
6,46	8,734	8,052
6,48	8,725	8,069
6,50	8,716	8,086
6,52	8,706	8,102
6,54	8,696	8,119
6,56	8,687	8,136
6,58	8,676	8,152
6,60	8,666	8,169
6,62	8,655	8,185
6,64	8,645	8,202
6,66	8,633	8,219
6,68	8,622	8,235
6,70	8,610	8,251
6,72	8,599	8,268
6,74	8,586	8,284
6,76	8,574	8,301
6,78	8,561	8,317
6,80	8,549	8,334
6,82	8,535	8,350
6,84	8,522	8,366
6,86	8,508	8,383
6,88	8,495	8,399
6,90	8,480	8,415
6,92	8,466	8,431
6,94	8,451	8,447
6,96	8,437	8,464
6,98	8,421	8,480
7,00	8,406	8,496
7,02	8,390	8,512
7,04	8,374	8,528
7,06	8,358	8,544
7,08	8,342	8,560
7,10	8,325	8,576
7,12	8,308	8,592
7,14	8,291	8,608
7,16	8,274	8,624
7,18	8,256	8,640
7,20	8,238	8,656
7,22	8,220	8,672
7,24	8,201	8,688
7,26	8,183	8,704
7,28	8,164	8,719
7,30	8,144	8,735
7,32	8,125	8,751
7,34	8,105	8,767
7,36	8,085	8,783
7,38	8,065	8,798
7,40	8,044	8,814
7,42	8,023	8,830
7,44	8,002	8,845
7,46	7,981	8,861
7,48	7,959	8,877
7,50	7,938	8,892
7,52	7,915	8,908
7,54	7,893	8,923
7,56	7,870	8,939
7,58	7,847	8,954
7,60	7,824	8,970
7,62	7,801	8,985
7,64	7,777	9,001
7,66	7,753	9,016
7,68	7,729	9,031
7,70	7,704	9,047
7,72	7,679	9,062
7,74	7,654	9,077
7,76	7,629	9,093
7,78	7,603	9,108
7,80	7,578	9,123
7,82	7,551	9,138
7,84	7,525	9,154
7,86	7,498	9,169
7,88	7,471	9,184
7,90	7,444	9,199
7,92	7,417	9,214
7,94	7,389	9,229
7,96	7,361	9,244
7,98	7,333	9,259
8,00	7,304	9,275
8,02	7,275	9,290
8,04	7,246	9,305
8,06	7,217	9,320
8,08	7,187	9,334
8,10	7,157	9,349
8,12	7,127	9,364
8,14	7,096	9,379
8,16	7,065	9,394
8,18	7,034	9,409
8,20	7,003	9,424
8,22	6,971	9,439
8,24	6,940	9,453
8,26	6,907	9,468
8,28	6,875	9,483
8,30	6,842	9,498
8,32	6,809	9,512
8,34	6,776	9,527
8,36	6,742	9,542
8,38	6,708	9,556
8,40	6,674	9,571
8,42	6,640	9,585
8,44	6,605	9,600
8,46	6,570	9,615
8,48	6,535	9,629
8,50	6,500	9,644
8,52	6,464	9,658
8,54	6,428	9,673
8,56	6,391	9,687
8,58	6,355	9,702
8,60	6,318	9,716
8,62	6,280	9,730
8,64	6,243	9,745
8,66	6,205	9,759
8,68	6,167	9,773
8,70	6,128	9,788
8,72	6,090	9,802
8,74	6,051	9,816
8,76	6,012	9,831
8,78	5,972	9,845
8,80	5,932	9,859
8,82	5,892	9,873
8,84	5,852	9,887
8,86	5,811	9,902
8,88	5,770	9,916
8,90	5,729	9,930
8,92	5,687	9,944
8,94	5,645	9,958
8,96	5,603	9,972
8,98	5,561	9,986
9,00	5,518	10,000
9,02	5,475	10,014
9,04	5,432	10,028
9,06	5,388	10,042
9,08	5,344	10,056
9,10	5,300	10,070
9,12	5,255	10,084
9,14	5,211	10,098
9,16	5,166	10,111
9,18	5,120	10,125
9,20	5,074	10,139
9,22	5,029	10,153
9,24	4,982	10,167
9,26	4,936	10,180
9,28	4,889	10,194
9,30	4,842	10,208
9,32	4,794	10,221
9,34	4,746	10,235
9,36	4,698	10,249
9,38	4,650	10,262
9,40	4,601	10,276
9,42	4,552	10,290
9,44	4,503	10,303
9,46	4,454	10,317
9,48	4,404	10,330
9,50	4,354	10,344
9,52	4,303	10,357
9,54	4,252	10,371
9,56	4,201	10,384
9,58	4,150	10,398
9,60	4,098	10,411
9,62	4,046	10,424
9,64	3,994	10,438
9,66	3,941	10,451
9,68	3,888	10,465
9,70	3,835	10,478
9,72	3,782	10,491
9,74	3,728	10,504
9,76	3,674	10,518
9,78	3,619	10,531
9,80	3,564	10,544
9,82	3,509	10,557
9,84	3,454	10,571
9,86	3,398	10,584
9,88	3,342	10,597
9,90	3,286	10,610
9,92	3,230	10,623
9,94	3,173	10,636
9,96	3,115	10,649
9,98	3,058	10,662
10,00	3,000	10,675
10,02	2,942	10,688
10,04	2,883	10,701
10,06	2,825	10,714
10,08	2,765	10,727
10,10	2,706	10,740
10,12	2,646	10,753
10,14	2,586	10,766
10,16	2,526	10,779
10,18	2,465	10,792
10,20	2,404	10,805
10,22	2,343	10,818
10,24	2,281	10,830
10,26	2,219	10,843
10,28	2,157	10,856
10,30	2,095	10,869
10,32	2,032	10,881
10,34	1,969	10,894
10,36	1,905	10,907
10,38	1,841	10,920
10,40	1,777	10,932
10,42	1,713	10,945
10,44	1,648	10,957
10,46	1,583	10,970
10,48	1,517	10,983
10,50	1,452	10,995
10,52	1,385	11,008
10,54	1,319	11,020
10,56	1,252	11,033
10,58	1,185	11,045
10,60	1,118	11,058
10,62	1,050	11,070
10,64	0,982	11,083
10,66	0,914	11,095
10,68	0,845	11,107
10,70	0,776	11,120
10,72	0,707	11,132
10,74	0,637	11,145
10,76	0,567	11,157
10,78	0,497	11,169
10,80	0,426	11,182
10,82	0,355	11,194
10,84	0,284	11,206
10,86	0,212	11,218
10,88	0,141	11,230
10,90	0,068	11,243
10,92	-0,004	11,255
10,94	-0,077	11,267
10,96	-0,151	11,279
10,98	-0,224	11,291
11,00	-0,298	11,303
11,02	-0,372	11,316
11,04	-0,447	11,328
11,06	-0,522	11,340
11,08	-0,597	11,352
11,10	-0,673	11,364
11,12	-0,748	11,376
11,14	-0,825	11,388
11,16	-0,901	11,400
11,18	-0,978	11,412
11,20	-1,055	11,424
11,22	-1,133	11,435
11,24	-1,211	11,447
11,26	-1,289	11,459
11,28	-1,368	11,471
11,30	-1,447	11,483
11,32	-1,526	11,495
11,34	-1,606	11,507
11,36	-1,685	11,518
11,38	-1,766	11,530
11,40	-1,846	11,542
11,42	-1,927	11,554
11,44	-2,009	11,565
11,46	-2,090	11,577
11,48	-2,172	11,589
11,50	-2,254	11,600
11,52	-2,337	11,612
11,54	-2,420	11,624
11,56	-2,503	11,635
11,58	-2,587	11,647
11,60	-2,671	11,658
11,62	-2,756	11,670
11,64	-2,840	11,681
11,66	-2,925	11,693
11,68	-3,011	11,704
11,70	-3,096	11,716
11,72	-3,182	11,727
11,74	-3,269	11,739
11,76	-3,356	11,750
11,78	-3,443	11,762
11,80	-3,530	11,773
11,82	-3,618	11,785
11,84	-3,706	11,796
11,86	-3,795	11,807
11,88	-3,884	11,819
11,90	-3,973	11,830
11,92	-4,062	11,841
11,94	-4,152	11,852
11,96	-4,242	11,864
11,98	-4,333	11,875
12,00	-4,424	11,886
12,02	-4,515	11,897
12,04	-4,607	11,909
12,06	-4,699	11,920
12,08	-4,791	11,931
12,10	-4,884	11,942
12,12	-4,977	11,953
12,14	-5,070	11,964
12,16	-5,164	11,975
12,18	-5,258	11,986
12,20	-5,353	11,997
12,22	-5,448	12,008
12,24	-5,543	12,019
12,26	-5,638	12,030
12,28	-5,734	12,041
12,30	-5,830	12,052
12,32	-5,927	12,063
12,34	-6,024	12,074
12,36	-6,121	12,085
12,38	-6,219	12,096
12,40	-6,317	12,107
12,42	-6,415	12,118
12,44	-6,514	12,129
12,46	-6,613	12,140
12,48	-6,713	12,150
12,50	-6,812	12,161
12,52	-6,913	12,172
12,54	-7,013	12,183
12,56	-7,114	12,193
12,58	-7,215	12,204
12,60	-7,317	12,215
12,62	-7,419	12,226
12,64	-7,521	12,236
12,66	-7,624	12,247
12,68	-7,727	12,258
12,70	-7,831	12,268
12,72	-7,934	12,279
12,74	-8,039	12,289
12,76	-8,143	12,300
12,78	-8,248	12,311
12,80	-8,353	12,321
12,82	-8,459	12,332
12,84	-8,565	12,342
12,86	-8,671	12,353
12,88	-8,778	12,363
12,90	-8,885	12,374
12,92	-8,992	12,384
12,94	-9,100	12,394
12,96	-9,208	12,405
12,98	-9,317	12,415
13,00	-9,426	12,426
13,02	-9,535	12,436
13,04	-9,645	12,446
13,06	-9,755	12,457
13,08	-9,865	12,467
13,10	-9,976	12,477
13,12	-10,087	12,487
13,14	-10,199	12,498
13,16	-10,311	12,508
13,18	-10,423	12,518
13,20	-10,536	12,528
13,22	-10,649	12,539
13,24	-10,762	12,549
13,26	-10,876	12,559
13,28	-10,990	12,569
13,30	-11,105	12,579
13,32	-11,219	12,589
13,34	-11,335	12,599
13,36	-11,450	12,609
13,38	-11,566	12,620
13,40	-11,683	12,630
13,42	-11,800	12,640
13,44	-11,917	12,650
13,46	-12,034	12,660
13,48	-12,152	12,670
13,50	-12,270	12,680
13,52	-12,389	12,690
13,54	-12,508	12,699
13,56	-12,628	12,709
13,58	-12,747	12,719
13,60	-12,868	12,729
13,62	-12,988	12,739
13,64	-13,109	12,749
13,66	-13,231	12,759
13,68	-13,352	12,768
13,70	-13,474	12,778
13,72	-13,597	12,788
13,74	-13,720	12,798
13,76	-13,843	12,808
13,78	-13,967	12,817
13,80	-14,091	12,827
13,82	-14,215	12,837
13,84	-14,340	12,846
13,86	-14,465	12,856
13,88	-14,591	12,866
13,90	-14,716	12,875
13,92	-14,843	12,885
13,94	-14,970	12,895
13,96	-15,097	12,904
13,98	-15,224	12,914
14,00	-15,352	12,923
14,02	-15,480	12,933
14,04	-15,609	12,942
14,06	-15,738	12,952
14,08	-15,867	12,961
14,10	-15,997	12,971
14,12	-16,127	12,980
14,14	-16,258	12,990
14,16	-16,389	12,999
14,18	-16,521	13,009
14,20	-16,652	13,018
14,22	-16,784	13,027
14,24	-16,917	13,037
14,26	-17,050	13,046
14,28	-17,183	13,055
14,30	-17,317	13,065
14,32	-17,451	13,074
14,34	-17,586	13,083
14,36	-17,721	13,093
14,38	-17,856	13,102
14,40	-17,992	13,111
14,42	-18,128	13,120
14,44	-18,265	13,130
14,46	-18,401	13,139
14,48	-18,539	13,148
14,50	-18,676	13,157
14,52	-18,815	13,166
14,54	-18,953	13,175
14,56	-19,092	13,185
14,58	-19,231	13,194
14,60	-19,371	13,203
14,62	-19,511	13,212
14,64	-19,652	13,221
14,66	-19,793	13,230
14,68	-19,934	13,239
14,70	-20,076	13,248
14,72	-20,218	13,257
14,74	-20,360	13,266
14,76	-20,503	13,275
14,78	-20,647	13,284
14,80	-20,790	13,293
14,82	-20,934	13,302
14,84	-21,079	13,310
14,86	-21,224	13,319
14,88	-21,369	13,328
14,90	-21,515	13,337
14,92	-21,661	13,346
14,94	-21,808	13,355
14,96	-21,955	13,363
14,98	-22,102	13,372
15,00	-22,250	13,381
15,02	-22,398	13,390
15,04	-22,547	13,399
15,06	-22,696	13,407
15,08	-22,845	13,416
15,10	-22,995	13,425
15,12	-23,145	13,433
15,14	-23,296	13,442
15,16	-23,447	13,451
15,18	-23,599	13,459
15,20	-23,750	13,468
15,22	-23,903	13,476
15,24	-24,055	13,485
15,26	-24,209	13,494
15,28	-24,362	13,502
15,30	-24,516	13,511
15,32	-24,670	13,519
15,34	-24,825	13,528
15,36	-24,980	13,536
15,38	-25,136	13,545
15,40	-25,292	13,553
15,42	-25,449	13,562
15,44	-25,605	13,570
15,46	-25,763	13,579
15,48	-25,920	13,587
15,50	-26,078	13,595
15,52	-26,237	13,604
15,54	-26,396	13,612
15,56	-26,555	13,620
15,58	-26,715	13,629
15,60	-26,875	13,637
15,62	-27,036	13,645
15,64	-27,197	13,654
15,66	-27,358	13,662
15,68	-27,520	13,670
15,70	-27,683	13,678
15,72	-27,845	13,687
15,74	-28,009	13,695
15,76	-28,172	13,703
15,78	-28,336	13,711
15,80	-28,500	13,719
15,82	-28,665	13,727
15,84	-28,831	13,736
15,86	-28,996	13,744
15,88	-29,162	13,752
15,90	-29,329	13,760
15,92	-29,496	13,768
15,94	-29,663	13,776
15,96	-29,831	13,784
15,98	-29,999	13,792
16,00	-30,168	13,800
16,02	-30,337	13,808
16,04	-30,507	13,816
16,06	-30,677	13,824
16,08	-30,847	13,832
16,10	-31,018	13,840
16,12	-31,189	13,848
16,14	-31,361	13,856
16,16	-31,533	13,864
16,18	-31,705	13,871
16,20	-31,878	13,879
16,22	-32,052	13,887
16,24	-32,225	13,895
16,26	-32,400	13,903
16,28	-32,574	13,911
16,30	-32,749	13,918
16,32	-32,925	13,926
16,34	-33,101	13,934
16,36	-33,277	13,942
16,38	-33,454	13,949
16,40	-33,632	13,957
16,42	-33,809	13,965
16,44	-33,987	13,972
16,46	-34,166	13,980
16,48	-34,345	13,988
16,50	-34,524	13,995
16,52	-34,704	14,003
16,54	-34,885	14,011
16,56	-35,066	14,018
16,58	-35,247	14,026
16,60	-35,428	14,033
16,62	-35,610	14,041
16,64	-35,793	14,048
16,66	-35,976	14,056
16,68	-36,159	14,063
16,70	-36,343	14,071
16,72	-36,527	14,078
16,74	-36,712	14,086
16,76	-36,897	14,093
16,78	-37,083	14,101
16,80	-37,269	14,108
16,82	-37,456	14,115
16,84	-37,642	14,123
16,86	-37,830	14,130
16,88	-38,018	14,138
16,90	-38,206	14,145
16,92	-38,395	14,152
16,94	-38,584	14,160
16,96	-38,773	14,167
16,98	-38,964	14,174
17,00	-39,154	14,181
17,02	-39,345	14,189
17,04	-39,536	14,196
17,06	-39,728	14,203
17,08	-39,920	14,210
17,10	-40,113	14,218
17,12	-40,306	14,225
17,14	-40,500	14,232
17,16	-40,694	14,239
17,18	-40,889	14,246
17,20	-41,084	14,253
17,22	-41,279	14,260
17,24	-41,475	14,268
17,26	-41,671	14,275
17,28	-41,868	14,282
17,30	-42,065	14,289
17,32	-42,263	14,296
17,34	-42,461	14,303
17,36	-42,660	14,310
17,38	-42,859	14,317
17,40	-43,058	14,324
17,42	-43,258	14,331
17,44	-43,459	14,338
17,46	-43,659	14,345
17,48	-43,861	14,352
17,50	-44,062	14,358
17,52	-44,265	14,365
17,54	-44,467	14,372
17,56	-44,671	14,379
17,58	-44,874	14,386
17,60	-45,078	14,393
17,62	-45,283	14,400
17,64	-45,488	14,406
17,66	-45,693	14,413
17,68	-45,899	14,420
17,70	-46,105	14,427
17,72	-46,312	14,433
17,74	-46,519	14,440
17,76	-46,727	14,447
17,78	-46,935	14,454
17,80	-47,144	14,460
17,82	-47,353	14,467
17,84	-47,563	14,474
17,86	-47,773	14,480
17,88	-47,983	14,487
17,90	-48,194	14,494
17,92	-48,406	14,500
17,94	-48,618	14,507
17,96	-48,830	14,513
17,98	-49,043	14,520
18,00	-49,256	14,526
18,02	-49,470	14,533
18,04	-49,684	14,540
18,06	-49,899	14,546
18,08	-50,114	14,553
18,10	-50,329	14,559
18,12	-50,546	14,566
18,14	-50,762	14,572
18,16	-50,979	14,578
18,18	-51,197	14,585
18,20	-51,415	14,591
18,22	-51,633	14,598
18,24	-51,852	14,604
18,26	-52,071	14,610
18,28	-52,291	14,617
18,30	-52,511	14,623
18,32	-52,732	14,629
18,34	-52,953	14,636
18,36	-53,175	14,642
18,38	-53,397	14,648
18,40	-53,620	14,655
18,42	-53,843	14,661
18,44	-54,067	14,667
18,46	-54,291	14,673
18,48	-54,515	14,679
18,50	-54,740	14,686
18,52	-54,966	14,692
18,54	-55,192	14,698
18,56	-55,418	14,704
18,58	-55,645	14,710
18,60	-55,873	14,716
18,62	-56,101	14,723
18,64	-56,329	14,729
18,66	-56,558	14,735
18,68	-56,787	14,741
18,70	-57,017	14,747
18,72	-57,247	14,753
18,74	-57,478	14,759
18,76	-57,709	14,765
18,78	-57,941	14,771
18,80	-58,173	14,777
18,82	-58,406	14,783
18,84	-58,639	14,789
18,86	-58,873	14,795
18,88	-59,107	14,801
18,90	-59,342	14,807
18,92	-59,577	14,813
18,94	-59,812	14,819
18,96	-60,048	14,824
18,98	-60,285	14,830
19,00	-60,522	14,836
19,02	-60,760	14,842
19,04	-60,998	14,848
19,06	-61,236	14,854
19,08	-61,475	14,859
19,10	-61,714	14,865
19,12	-61,954	14,871
19,14	-62,195	14,877
19,16	-62,436	14,883
19,18	-62,677	14,888
19,20	-62,919	14,894
19,22	-63,161	14,900
19,24	-63,404	14,905
19,26	-63,648	14,911
19,28	-63,892	14,917
19,30	-64,136	14,922
19,32	-64,381	14,928
19,34	-64,626	14,934
19,36	-64,872	14,939
19,38	-65,118	14,945
19,40	-65,365	14,950
19,42	-65,612	14,956
19,44	-65,860	14,961
19,46	-66,108	14,967
19,48	-66,357	14,973
19,50	-66,606	14,978
19,52	-66,856	14,984
19,54	-67,107	14,989
19,56	-67,357	14,995
19,58	-67,609	15,000
19,60	-67,860	15,005
19,62	-68,113	15,011
19,64	-68,365	15,016
19,66	-68,619	15,022
19,68	-68,872	15,027
19,70	-69,126	15,032
19,72	-69,381	15,038
19,74	-69,636	15,043
19,76	-69,892	15,048
19,78	-70,148	15,054
19,80	-70,405	15,059
19,82	-70,662	15,064
19,84	-70,920	15,070
19,86	-71,178	15,075
19,88	-71,437	15,080
19,90	-71,696	15,085
19,92	-71,956	15,091
19,94	-72,216	15,096
19,96	-72,477	15,101
19,98	-72,738	15,106
20,00	-73,000	15,111
